419
-2.87404
-3.61916
-2.69595
-2.97647
-3.36336
-3.69378
-3.39463
-1.56893
-2.90142
-3.71634
-8.35433
-10.11556
-9.54029
-7.99509
-8.85984
-8.38838
-9.53559
-10.05392
-9.94063
-9.69163
-10.07347
-9.08222
-9.10915
-8.86827
-8.51407
-8.46718
-8.13815
-8.18868
-8.56025
-8.27164
-8.50234
-8.63813
-8.40358
-8.07352
-8.10580
-8.22266
-8.42987
-8.92424
-9.14367
-9.30043
-8.92133
-9.27560
-8.62648
-8.29580
-7.59835
-7.41906
-7.76601
-8.33935
-8.96025
-9.05131
-9.16567
-9.48629
-9.57739
-9.42308
-9.10658
-8.69795
-8.45805
-8.51762
-8.43782
-8.43295
-8.35441
-8.61647
-8.69196
-8.63478
-8.78504
-8.71291
-8.90729
-9.41122
-9.83770
-10.04707
-10.06079
-9.91182
-10.04738
-10.44371
-10.52109
-10.78169
-10.41919
-9.98715
-9.19919
-7.43237
-7.15617
-6.88636
-10.76337
-9.88379
-7.82593
-4.47583
-3.76145
-4.04939
-3.92619
-4.62586
-3.68457
-4.15855
-3.52841
-2.21592
-2.35913
-2.86596
-3.30428
-3.25121
-2.94304
-2.73883
-2.43307
-2.13255
-1.94593
-1.77680
-2.01640
-2.23879
-2.56232
-2.34501
-3.28199
-3.23432
-3.84865
-4.15927
-3.31014
-3.40125
-3.11785
-3.46888
-3.60599
-4.06071
-3.74136
-3.31730
-3.26463
-2.68031
-2.77423
-3.19263
-3.56545
-3.92698
-3.92566
-3.64140
-3.19938
-3.50248
-3.12118
-2.26651
-2.58881
-2.50237
-2.67739
-2.83312
-3.13722
-3.29272
-3.95186
-3.81756
-3.24473
-3.63430
-3.61005
-4.23134
-4.38341
-4.44850
-4.24501
-3.60501
-3.53168
-3.29311
-3.06916
-2.84681
-1.74029
-2.66925
-2.98489
-2.51552
-2.17292
-2.34419
-1.60399
-1.75880
-0.82098
-0.06175
-0.37510
-0.67291
-2.46288
-1.13487
-0.62570
-0.00815
0.52961
-2.12910
-3.09790
-2.89408
-4.33756
-4.89030
0.97659
7.78629
10.24225
10.95114
10.32787
10.52419
10.45655
11.00974
11.23906
11.21392
11.46501
11.56232
11.44075
11.18561
11.15404
11.25056
10.96168
10.79021
10.84268
10.78294
10.63427
10.44811
10.23365
10.34406
10.36326
10.59783
10.61616
10.55606
10.58655
10.34583
10.34252
10.24839
10.43328
10.53161
10.46288
10.35364
10.36722
10.10053
10.10812
9.98062
9.97174
9.80804
9.69628
9.72807
9.55436
9.75384
9.92703
9.68102
9.62145
9.27168
9.43838
9.54926
9.19180
8.70934
8.32388
8.08255
7.86323
7.84362
7.59216
7.23606
7.17375
7.69643
8.23446
8.08348
7.83320
8.23659
7.63909
7.90217
7.99064
8.19287
8.01343
7.87710
7.95659
8.00462
7.94071
8.80308
7.58186
7.33415
8.73865
9.09699
9.98039
8.85872
5.48648
1.52349
-1.41741
-1.26516
-2.39658
-2.45058
5.97011
7.99876
9.06427
9.44739
9.30993
8.89113
7.93269
7.08754
6.55872
6.44617
6.35583
6.26202
5.93695
6.09978
6.11955
6.00377
5.79171
5.70789
6.12352
6.17207
6.45026
6.78239
6.93501
7.54182
6.85614
6.61459
6.49817
6.17633
6.25597
5.90082
5.65115
6.07510
6.13017
6.26269
6.34044
6.21737
6.07446
6.16523
6.29131
6.76366
7.32714
7.54813
7.77302
7.96336
8.10554
7.66654
7.69707
7.96112
8.09333
8.46992
8.52797
8.06589
7.69978
6.81998
6.83620
6.88105
6.37872
6.64078
5.89466
6.24337
5.98178
6.28587
6.21572
7.02605
7.29053
7.67560
7.71975
7.74396
7.25843
7.67569
8.97740
8.83462
8.37194
8.18673
7.54159
7.37260
7.06261
7.14980
7.69733
8.75868
4.94188
3.37993
4.45791
2.63562
0.89597
-1.81373
-3.31041
4.03508
6.55648
8.37722
5.84296
5.26814
5.18539
5.37635
5.30752
5.74045
5.77071
5.60394
6.20500
6.25294
6.48937
7.05703
6.88229
7.38556
7.33718
7.07217
7.00739
6.17452
5.45130
5.56097
6.02778
5.79446
5.05892
5.30483
5.59315
5.88153
6.00881
5.77773
5.07239
4.57382
4.37153
4.81066
4.66148
5.18141
5.51389
5.43443
5.09872
5.21676
5.35203
5.41493
5.93591
5.40128
5.00765
4.57556
4.98068
4.66502
4.49139
4.38805
4.42468
4.46978
5.26067
5.26481
6.04682
3.80015
-0.04589
-1.81998
-2.59018
-3.48251
-4.46280
-3.54479
-4.72957
-3.31482
-2.42073
-3.17454
-2.70324
-0.67509
-1.39124
