##### GA is initializing...
##### Show GA genes...
F_min
-3.45379
-8.79313
-2.25549
-7.8932
6.19956
6.97603
10.5561
8.72463
6.40309
0.923762
tau
0
76
119
153
167
240
247
305
368
381
ga[0].fitness = 884.138
ga[0].fitness_relative = 1.60437
F_min
-3.45379
-8.79313
-2.25549
-7.8932
6.19956
6.97603
10.5561
8.72463
6.40309
0.923762
tau
0
76
119
153
167
240
247
305
368
381
ga[1].fitness = 884.138
ga[1].fitness_relative = 1.60437
F_min
-3.45379
-8.79313
-2.25549
-7.8932
6.19956
6.97603
10.5561
8.72463
6.40309
0.923762
tau
0
76
119
153
167
240
247
305
368
381
ga[2].fitness = 884.138
ga[2].fitness_relative = 1.60437
F_min
-3.45379
-8.79313
-2.25549
-7.8932
6.19956
6.97603
10.5561
8.72463
6.40309
0.923762
tau
0
76
119
153
164
240
247
305
368
381
ga[3].fitness = 884.567
ga[3].fitness_relative = 1.64576
F_min
-3.45379
-8.79313
-2.25549
-7.8932
6.19956
6.97603
10.5561
8.72463
6.40309
0.923762
tau
3
76
119
153
167
240
247
305
368
381
ga[4].fitness = 890.8
ga[4].fitness_relative = 1.6055
F_min
-3.45379
-8.79313
-2.25549
-7.8932
6.19956
6.97603
10.5561
8.72463
6.40309
0.923762
tau
3
76
119
153
167
240
247
305
368
381
ga[5].fitness = 890.8
ga[5].fitness_relative = 1.6055
F_min
-3.45379
-8.79313
-2.25549
-7.8932
6.19956
6.97603
10.5561
8.72463
6.40309
0.923762
tau
0
76
119
153
164
235
247
305
368
379
ga[6].fitness = 891.225
ga[6].fitness_relative = 1.64893
F_min
-3.45379
-8.79313
-2.25549
-7.8932
6.19956
6.97603
10.5561
8.72463
6.40309
0.923762
tau
0
76
119
157
167
240
247
305
368
381
ga[7].fitness = 895.418
ga[7].fitness_relative = 1.12112
F_min
-3.45379
-8.79313
-2.25549
-7.8932
6.19956
6.97603
10.5561
8.72463
6.40309
0.923762
tau
0
76
119
153
167
240
247
323
368
407
ga[8].fitness = 896.981
ga[8].fitness_relative = 1.61028
F_min
-3.45379
-8.79313
-2.25549
-7.8932
6.19956
6.97603
10.5561
8.72463
6.40309
0.923762
tau
0
76
119
153
174
231
247
295
368
408
ga[9].fitness = 899.437
ga[9].fitness_relative = 1.6045
F_min
-3.45379
-8.79313
-2.25549
-7.8932
6.19956
6.97603
10.5561
8.72463
6.40309
0.923762
tau
0
76
119
144
164
240
247
310
368
386
ga[10].fitness = 907.956
ga[10].fitness_relative = 2.51792
F_min
-3.45379
-8.79313
-2.25549
-7.8932
6.19956
6.97603
10.5561
8.72463
6.40309
0.923762
tau
0
76
111
153
167
240
247
305
368
381
ga[11].fitness = 910.425
ga[11].fitness_relative = 1.62418
F_min
-3.45379
-8.79313
-2.25549
-7.8932
6.19956
6.97603
10.5561
8.72463
6.40309
0.923762
tau
0
76
119
145
167
229
248
305
368
381
ga[12].fitness = 918.827
ga[12].fitness_relative = 2.42677
F_min
-3.45379
-8.79313
-2.25549
-7.8932
6.19956
6.97603
10.5561
8.72463
6.40309
0.923762
tau
1
77
119
154
201
240
247
313
368
381
ga[13].fitness = 919.382
ga[13].fitness_relative = 1.5048
F_min
-3.45379
-8.79313
-2.25549
-7.8932
6.19956
6.97603
10.5561
8.72463
6.40309
0.923762
tau
0
82
119
153
167
239
247
305
362
408
ga[14].fitness = 928.329
ga[14].fitness_relative = 1.62823
F_min
-3.45379
-8.79313
-2.25549
-7.8932
6.19956
6.97603
10.5561
8.72463
6.40309
0.923762
tau
0
76
119
153
178
240
247
305
359
381
ga[15].fitness = 937.438
ga[15].fitness_relative = 1.61857
F_min
-3.45379
-8.79313
-2.25549
-7.8932
6.19956
6.97603
10.5561
8.72463
6.40309
0.923762
tau
0
76
119
153
167
244
247
305
357
381
ga[16].fitness = 941.074
ga[16].fitness_relative = 1.62421
F_min
-3.45379
-8.79313
-2.25549
-7.8932
6.19956
6.97603
10.5561
8.72463
6.40309
0.923762
tau
0
76
119
153
167
244
247
305
356
409
ga[17].fitness = 945.019
ga[17].fitness_relative = 1.62565
F_min
-3.45379
-8.79313
-2.25549
-7.8932
6.19956
6.97603
10.5561
8.72463
6.40309
0.923762
tau
1
76
119
153
174
240
286
292
368
395
ga[18].fitness = 950.141
ga[18].fitness_relative = 1.62871
F_min
-3.45379
-8.79313
-2.25549
-7.8932
6.19956
6.97603
10.5561
8.72463
6.40309
0.923762
tau
11
76
119
158
167
209
247
305
368
381
ga[19].fitness = 951.963
ga[19].fitness_relative = 0.970418
F_min
-3.45379
-8.79313
-2.25549
-7.8932
6.19956
6.97603
10.5561
8.72463
6.40309
0.923762
tau
0
65
119
154
164
240
247
307
368
389
ga[20].fitness = 952.736
ga[20].fitness_relative = 1.56187
F_min
-3.45379
-8.79313
-2.25549
-7.8932
6.19956
6.97603
10.5561
8.72463
6.40309
0.923762
tau
0
76
119
153
190
240
247
305
357
394
ga[21].fitness = 955.689
ga[21].fitness_relative = 1.62393
F_min
-3.45379
-8.79313
-2.25549
-7.8932
6.19956
6.97603
10.5561
8.72463
6.40309
0.923762
tau
0
76
114
153
167
240
275
316
368
390
ga[22].fitness = 958.173
ga[22].fitness_relative = 1.64543
F_min
-3.45379
-8.79313
-2.25549
-7.8932
6.19956
6.97603
10.5561
8.72463
6.40309
0.923762
tau
0
76
119
164
203
234
247
298
368
399
ga[23].fitness = 964.379
ga[23].fitness_relative = 2.52192
F_min
-3.45379
-8.79313
-2.25549
-7.8932
6.19956
6.97603
10.5561
8.72463
6.40309
0.923762
tau
0
72
113
163
170
240
247
305
368
376
ga[24].fitness = 967.06
ga[24].fitness_relative = 2.22538
F_min
-3.45379
-8.79313
-2.25549
-7.8932
6.19956
6.97603
10.5561
8.72463
6.40309
0.923762
tau
0
76
102
153
164
240
260
305
368
381
ga[25].fitness = 967.307
ga[25].fitness_relative = 1.70772
F_min
-3.45379
-8.79313
-2.25549
-7.8932
6.19956
6.97603
10.5561
8.72463
6.40309
0.923762
tau
3
76
119
153
183
240
287
305
368
410
ga[26].fitness = 967.807
ga[26].fitness_relative = 1.63365
F_min
-3.45379
-8.79313
-2.25549
-7.8932
6.19956
6.97603
10.5561
8.72463
6.40309
0.923762
tau
3
74
122
140
186
227
247
300
368
405
ga[27].fitness = 968.958
ga[27].fitness_relative = 2.64301
F_min
-3.45379
-8.79313
-2.25549
-7.8932
6.19956
6.97603
10.5561
8.72463
6.40309
0.923762
tau
0
76
119
153
167
240
258
292
353
384
ga[28].fitness = 969.41
ga[28].fitness_relative = 1.64218
F_min
-3.45379
-8.79313
-2.25549
-7.8932
6.19956
6.97603
10.5561
8.72463
6.40309
0.923762
tau
21
76
119
153
167
240
247
305
368
381
ga[29].fitness = 969.745
ga[29].fitness_relative = 1.62515
F_min
-3.45379
-8.79313
-2.25549
-7.8932
6.19956
6.97603
10.5561
8.72463
6.40309
0.923762
tau
12
80
119
153
167
206
262
311
368
381
ga[30].fitness = 972.111
ga[30].fitness_relative = 1.64349
F_min
-3.45379
-8.79313
-2.25549
-7.8932
6.19956
6.97603
10.5561
8.72463
6.40309
0.923762
tau
10
80
119
153
186
240
275
305
368
381
ga[31].fitness = 978.448
ga[31].fitness_relative = 1.63641
F_min
-3.45379
-8.79313
-2.25549
-7.8932
6.19956
6.97603
10.5561
8.72463
6.40309
0.923762
tau
3
76
109
149
167
226
264
305
368
374
ga[32].fitness = 979.581
ga[32].fitness_relative = 2.15795
F_min
-3.45379
-8.79313
-2.25549
-7.8932
6.19956
6.97603
10.5561
8.72463
6.40309
0.923762
tau
0
76
96
153
167
240
247
305
368
375
ga[33].fitness = 980.065
ga[33].fitness_relative = 1.68222
F_min
-3.45379
-8.79313
-2.25549
-7.8932
6.19956
6.97603
10.5561
8.72463
6.40309
0.923762
tau
0
67
119
153
167
240
247
305
359
381
ga[34].fitness = 983.454
ga[34].fitness_relative = 1.63816
F_min
-3.45379
-8.79313
-2.25549
-7.8932
6.19956
6.97603
10.5561
8.72463
6.40309
0.923762
tau
0
81
119
153
202
235
247
305
353
409
ga[35].fitness = 994.229
ga[35].fitness_relative = 1.64241
F_min
-3.45379
-8.79313
-2.25549
-7.8932
6.19956
6.97603
10.5561
8.72463
6.40309
0.923762
tau
1
76
120
153
167
240
254
295
342
381
ga[36].fitness = 996.34
ga[36].fitness_relative = 1.64191
F_min
-3.45379
-8.79313
-2.25549
-7.8932
6.19956
6.97603
10.5561
8.72463
6.40309
0.923762
tau
0
76
119
153
167
240
264
316
351
381
ga[37].fitness = 999.551
ga[37].fitness_relative = 1.65458
F_min
-3.45379
-8.79313
-2.25549
-7.8932
6.19956
6.97603
10.5561
8.72463
6.40309
0.923762
tau
6
76
119
160
167
212
281
305
368
381
ga[38].fitness = 1005.34
ga[38].fitness_relative = 1.2915
F_min
-3.45379
-8.79313
-2.25549
-7.8932
6.19956
6.97603
10.5561
8.72463
6.40309
0.923762
tau
3
76
119
153
167
245
247
305
335
381
ga[39].fitness = 1008.3
ga[39].fitness_relative = 1.63075
F_min
-3.45379
-8.79313
-2.25549
-7.8932
6.19956
6.97603
10.5561
8.72463
6.40309
0.923762
tau
0
76
112
135
202
240
247
305
367
381
ga[40].fitness = 1009.05
ga[40].fitness_relative = 2.76529
F_min
-3.45379
-8.79313
-2.25549
-7.8932
6.19956
6.97603
10.5561
8.72463
6.40309
0.923762
tau
0
71
119
161
167
211
247
314
361
381
ga[41].fitness = 1009.15
ga[41].fitness_relative = 1.60491
F_min
-3.45379
-8.79313
-2.25549
-7.8932
6.19956
6.97603
10.5561
8.72463
6.40309
0.923762
tau
0
76
119
153
168
228
247
304
342
372
ga[42].fitness = 1010.59
ga[42].fitness_relative = 1.64183
F_min
-3.45379
-8.79313
-2.25549
-7.8932
6.19956
6.97603
10.5561
8.72463
6.40309
0.923762
tau
21
76
112
153
167
226
247
289
368
382
ga[43].fitness = 1011.31
ga[43].fitness_relative = 1.6488
F_min
-3.45379
-8.79313
-2.25549
-7.8932
6.19956
6.97603
10.5561
8.72463
6.40309
0.923762
tau
0
76
119
155
167
240
247
305
333
381
ga[44].fitness = 1014.71
ga[44].fitness_relative = 1.41983
F_min
-3.45379
-8.79313
-2.25549
-7.8932
6.19956
6.97603
10.5561
8.72463
6.40309
0.923762
tau
30
76
119
153
167
240
256
305
368
381
ga[45].fitness = 1022.99
ga[45].fitness_relative = 1.64621
F_min
-3.45379
-8.79313
-2.25549
-7.8932
6.19956
6.97603
10.5561
8.72463
6.40309
0.923762
tau
14
76
107
153
191
240
262
323
368
381
ga[46].fitness = 1026.35
ga[46].fitness_relative = 1.66431
F_min
-3.45379
-8.79313
-2.25549
-7.8932
6.19956
6.97603
10.5561
8.72463
6.40309
0.923762
tau
0
61
117
153
167
240
267
325
368
381
ga[47].fitness = 1026.4
ga[47].fitness_relative = 1.66022
F_min
-3.45379
-8.79313
-2.25549
-7.8932
6.19956
6.97603
10.5561
8.72463
6.40309
0.923762
tau
12
66
120
153
167
217
259
305
368
387
ga[48].fitness = 1027.49
ga[48].fitness_relative = 1.65191
F_min
-3.45379
-8.79313
-2.25549
-7.8932
6.19956
6.97603
10.5561
8.72463
6.40309
0.923762
tau
0
76
119
153
164
240
247
327
331
381
ga[49].fitness = 1028.16
ga[49].fitness_relative = 1.68207
F_min
-3.45379
-8.79313
-2.25549
-7.8932
6.19956
6.97603
10.5561
8.72463
6.40309
0.923762
tau
3
76
119
142
167
240
247
305
341
381
ga[50].fitness = 1028.78
ga[50].fitness_relative = 2.60176
F_min
-3.45379
-8.79313
-2.25549
-7.8932
6.19956
6.97603
10.5561
8.72463
6.40309
0.923762
tau
0
58
119
153
203
240
248
326
368
381
ga[51].fitness = 1030.82
ga[51].fitness_relative = 1.64236
F_min
-3.45379
-8.79313
-2.25549
-7.8932
6.19956
6.97603
10.5561
8.72463
6.40309
0.923762
tau
0
76
119
153
192
240
247
287
330
381
ga[52].fitness = 1031.64
ga[52].fitness_relative = 1.63176
F_min
-3.45379
-8.79313
-2.25549
-7.8932
6.19956
6.97603
10.5561
8.72463
6.40309
0.923762
tau
25
76
119
153
164
214
258
305
368
381
ga[53].fitness = 1032.14
ga[53].fitness_relative = 1.69505
F_min
-3.45379
-8.79313
-2.25549
-7.8932
6.19956
6.97603
10.5561
8.72463
6.40309
0.923762
tau
0
76
106
153
164
240
247
316
345
381
ga[54].fitness = 1040.09
ga[54].fitness_relative = 1.71898
F_min
-3.45379
-8.79313
-2.25549
-7.8932
6.19956
6.97603
10.5561
8.72463
6.40309
0.923762
tau
34
76
119
153
167
228
247
299
368
381
ga[55].fitness = 1049.04
ga[55].fitness_relative = 1.6492
F_min
-3.45379
-8.79313
-2.25549
-7.8932
6.19956
6.97603
10.5561
8.72463
6.40309
0.923762
tau
0
68
95
154
166
240
260
305
368
374
ga[56].fitness = 1049.3
ga[56].fitness_relative = 1.61914
F_min
-3.45379
-8.79313
-2.25549
-7.8932
6.19956
6.97603
10.5561
8.72463
6.40309
0.923762
tau
0
48
119
153
167
240
247
293
368
381
ga[57].fitness = 1052.94
ga[57].fitness_relative = 1.65074
F_min
-3.45379
-8.79313
-2.25549
-7.8932
6.19956
6.97603
10.5561
8.72463
6.40309
0.923762
tau
15
76
98
153
204
240
249
305
368
381
ga[58].fitness = 1054.53
ga[58].fitness_relative = 1.68769
F_min
-3.45379
-8.79313
-2.25549
-7.8932
6.19956
6.97603
10.5561
8.72463
6.40309
0.923762
tau
0
76
119
153
167
240
268
305
330
381
ga[59].fitness = 1056.07
ga[59].fitness_relative = 1.65597
F_min
-3.45379
-8.79313
-2.25549
-7.8932
6.19956
6.97603
10.5561
8.72463
6.40309
0.923762
tau
10
76
103
153
203
240
281
305
368
381
ga[60].fitness = 1056.89
ga[60].fitness_relative = 1.68256
F_min
-3.45379
-8.79313
-2.25549
-7.8932
6.19956
6.97603
10.5561
8.72463
6.40309
0.923762
tau
25
78
119
153
167
240
247
305
352
402
ga[61].fitness = 1064.52
ga[61].fitness_relative = 1.66051
F_min
-3.45379
-8.79313
-2.25549
-7.8932
6.19956
6.97603
10.5561
8.72463
6.40309
0.923762
tau
0
76
92
162
205
240
247
305
368
381
ga[62].fitness = 1064.66
ga[62].fitness_relative = 1.9941
F_min
-3.45379
-8.79313
-2.25549
-7.8932
6.19956
6.97603
10.5561
8.72463
6.40309
0.923762
tau
0
76
92
153
165
240
279
305
366
383
ga[63].fitness = 1064.99
ga[63].fitness_relative = 1.75701
F_min
-3.45379
-8.79313
-2.25549
-7.8932
6.19956
6.97603
10.5561
8.72463
6.40309
0.923762
tau
0
76
98
130
174
244
249
305
368
391
ga[64].fitness = 1071.41
ga[64].fitness_relative = 2.85988
F_min
-3.45379
-8.79313
-2.25549
-7.8932
6.19956
6.97603
10.5561
8.72463
6.40309
0.923762
tau
0
45
119
153
167
207
247
305
368
396
ga[65].fitness = 1086.54
ga[65].fitness_relative = 1.66499
F_min
-3.45379
-8.79313
-2.25549
-7.8932
6.19956
6.97603
10.5561
8.72463
6.40309
0.923762
tau
34
70
119
153
167
240
264
305
368
381
ga[66].fitness = 1088.33
ga[66].fitness_relative = 1.6677
F_min
-3.45379
-8.79313
-2.25549
-7.8932
6.19956
6.97603
10.5561
8.72463
6.40309
0.923762
tau
0
41
123
153
165
240
247
318
368
381
ga[67].fitness = 1089.66
ga[67].fitness_relative = 1.68183
F_min
-3.45379
-8.79313
-2.25549
-7.8932
6.19956
6.97603
10.5561
8.72463
6.40309
0.923762
tau
0
76
98
129
196
240
247
303
368
381
ga[68].fitness = 1090.85
ga[68].fitness_relative = 2.87006
F_min
-3.45379
-8.79313
-2.25549
-7.8932
6.19956
6.97603
10.5561
8.72463
6.40309
0.923762
tau
0
61
96
153
167
208
247
305
366
381
ga[69].fitness = 1093.52
ga[69].fitness_relative = 1.71864
F_min
-3.45379
-8.79313
-2.25549
-7.8932
6.19956
6.97603
10.5561
8.72463
6.40309
0.923762
tau
0
52
119
153
167
207
278
312
368
381
ga[70].fitness = 1102.91
ga[70].fitness_relative = 1.68188
F_min
-3.45379
-8.79313
-2.25549
-7.8932
6.19956
6.97603
10.5561
8.72463
6.40309
0.923762
tau
0
72
119
161
167
240
283
305
339
383
ga[71].fitness = 1103.66
ga[71].fitness_relative = 1.6333
F_min
-3.45379
-8.79313
-2.25549
-7.8932
6.19956
6.97603
10.5561
8.72463
6.40309
0.923762
tau
0
81
85
159
167
240
270
305
368
381
ga[72].fitness = 1106.17
ga[72].fitness_relative = 1.10629
F_min
-3.45379
-8.79313
-2.25549
-7.8932
6.19956
6.97603
10.5561
8.72463
6.40309
0.923762
tau
16
57
119
153
189
225
247
305
365
381
ga[73].fitness = 1113.23
ga[73].fitness_relative = 1.66402
F_min
-3.45379
-8.79313
-2.25549
-7.8932
6.19956
6.97603
10.5561
8.72463
6.40309
0.923762
tau
0
68
119
149
201
240
267
292
332
381
ga[74].fitness = 1115.17
ga[74].fitness_relative = 2.16754
F_min
-3.45379
-8.79313
-2.25549
-7.8932
6.19956
6.97603
10.5561
8.72463
6.40309
0.923762
tau
24
69
119
153
186
225
280
305
368
381
ga[75].fitness = 1117.73
ga[75].fitness_relative = 1.67532
F_min
-3.45379
-8.79313
-2.25549
-7.8932
6.19956
6.97603
10.5561
8.72463
6.40309
0.923762
tau
12
56
119
143
167
240
286
305
368
381
ga[76].fitness = 1135.8
ga[76].fitness_relative = 2.59814
F_min
-3.45379
-8.79313
-2.25549
-7.8932
6.19956
6.97603
10.5561
8.72463
6.40309
0.923762
tau
18
60
104
158
165
214
246
299
368
393
ga[77].fitness = 1137.92
ga[77].fitness_relative = 1.07028
F_min
-3.45379
-8.79313
-2.25549
-7.8932
6.19956
6.97603
10.5561
8.72463
6.40309
0.923762
tau
28
77
119
153
167
234
255
327
336
408
ga[78].fitness = 1145.82
ga[78].fitness_relative = 1.68015
F_min
-3.45379
-8.79313
-2.25549
-7.8932
6.19956
6.97603
10.5561
8.72463
6.40309
0.923762
tau
0
49
100
156
197
240
247
305
368
386
ga[79].fitness = 1151.2
ga[79].fitness_relative = 1.36763
F_min
-3.45379
-8.79313
-2.25549
-7.8932
6.19956
6.97603
10.5561
8.72463
6.40309
0.923762
tau
0
76
118
133
167
240
282
305
334
381
ga[80].fitness = 1156.68
ga[80].fitness_relative = 2.83534
F_min
-3.45379
-8.79313
-2.25549
-7.8932
6.19956
6.97603
10.5561
8.72463
6.40309
0.923762
tau
26
76
113
126
167
225
247
305
368
410
ga[81].fitness = 1157.96
ga[81].fitness_relative = 2.87629
F_min
-3.45379
-8.79313
-2.25549
-7.8932
6.19956
6.97603
10.5561
8.72463
6.40309
0.923762
tau
32
74
87
153
164
240
247
305
368
381
ga[82].fitness = 1166.4
ga[82].fitness_relative = 1.79969
F_min
-3.45379
-8.79313
-2.25549
-7.8932
6.19956
6.97603
10.5561
8.72463
6.40309
0.923762
tau
0
42
119
153
198
216
247
305
361
381
ga[83].fitness = 1171.9
ga[83].fitness_relative = 1.68518
F_min
-3.45379
-8.79313
-2.25549
-7.8932
6.19956
6.97603
10.5561
8.72463
6.40309
0.923762
tau
3
57
110
153
167
206
247
305
332
381
ga[84].fitness = 1174.56
ga[84].fitness_relative = 1.69795
F_min
-3.45379
-8.79313
-2.25549
-7.8932
6.19956
6.97603
10.5561
8.72463
6.40309
0.923762
tau
32
69
93
153
169
240
250
318
368
381
ga[85].fitness = 1181.75
ga[85].fitness_relative = 1.7429
F_min
-3.45379
-8.79313
-2.25549
-7.8932
6.19956
6.97603
10.5561
8.72463
6.40309
0.923762
tau
28
76
119
153
200
229
270
305
339
378
ga[86].fitness = 1189.88
ga[86].fitness_relative = 1.69108
F_min
-3.45379
-8.79313
-2.25549
-7.8932
6.19956
6.97603
10.5561
8.72463
6.40309
0.923762
tau
11
69
119
132
187
231
247
317
346
371
ga[87].fitness = 1194.19
ga[87].fitness_relative = 2.85211
F_min
-3.45379
-8.79313
-2.25549
-7.8932
6.19956
6.97603
10.5561
8.72463
6.40309
0.923762
tau
0
41
103
139
167
240
249
305
368
381
ga[88].fitness = 1200.34
ga[88].fitness_relative = 2.76792
F_min
-3.45379
-8.79313
-2.25549
-7.8932
6.19956
6.97603
10.5561
8.72463
6.40309
0.923762
tau
0
63
91
127
167
240
250
323
368
394
ga[89].fitness = 1202.84
ga[89].fitness_relative = 2.94188
F_min
-3.45379
-8.79313
-2.25549
-7.8932
6.19956
6.97603
10.5561
8.72463
6.40309
0.923762
tau
3
43
119
135
167
230
269
305
368
381
ga[90].fitness = 1217.87
ga[90].fitness_relative = 2.83126
F_min
-3.45379
-8.79313
-2.25549
-7.8932
6.19956
6.97603
10.5561
8.72463
6.40309
0.923762
tau
22
58
119
131
167
241
247
316
360
381
ga[91].fitness = 1236.25
ga[91].fitness_relative = 2.86937
F_min
-3.45379
-8.79313
-2.25549
-7.8932
6.19956
6.97603
10.5561
8.72463
6.40309
0.923762
tau
27
76
91
143
167
230
253
305
352
395
ga[92].fitness = 1243.99
ga[92].fitness_relative = 2.69501
F_min
-3.45379
-8.79313
-2.25549
-7.8932
6.19956
6.97603
10.5561
8.72463
6.40309
0.923762
tau
3
45
119
124
192
239
247
305
368
381
ga[93].fitness = 1251.2
ga[93].fitness_relative = 2.90937
F_min
-3.45379
-8.79313
-2.25549
-7.8932
6.19956
6.97603
10.5561
8.72463
6.40309
0.923762
tau
30
76
101
130
167
213
276
303
368
381
ga[94].fitness = 1252.42
ga[94].fitness_relative = 2.91777
F_min
-3.45379
-8.79313
-2.25549
-7.8932
6.19956
6.97603
10.5561
8.72463
6.40309
0.923762
tau
37
44
119
153
167
232
247
305
368
381
ga[95].fitness = 1256.15
ga[95].fitness_relative = 1.70642
F_min
-3.45379
-8.79313
-2.25549
-7.8932
6.19956
6.97603
10.5561
8.72463
6.40309
0.923762
tau
9
65
92
137
167
240
247
305
341
381
ga[96].fitness = 1256.71
ga[96].fitness_relative = 2.86154
F_min
-3.45379
-8.79313
-2.25549
-7.8932
6.19956
6.97603
10.5561
8.72463
6.40309
0.923762
tau
32
48
119
163
185
218
271
305
368
383
ga[97].fitness = 1316.13
ga[97].fitness_relative = 2.31989
F_min
-3.45379
-8.79313
-2.25549
-7.8932
6.19956
6.97603
10.5561
8.72463
6.40309
0.923762
tau
0
51
88
153
167
240
257
305
328
381
ga[98].fitness = 1323.19
ga[98].fitness_relative = 1.80105
F_min
-3.45379
-8.79313
-2.25549
-7.8932
6.19956
6.97603
10.5561
8.72463
6.40309
0.923762
tau
37
59
119
125
167
240
281
320
368
381
ga[99].fitness = 1358.95
ga[99].fitness_relative = 2.94928
End.
18195992 micro sec
##### Deleat GA ... bye!
