##### GA is initializing...
##### Show GA genes...
F_min
-7.32783
-8.79313
-1.97533
-3.54906
6.19955
7.78544
10.5561
6.71522
6.40309
5.21289
tau
3
77
96
157
164
245
247
326
335
378
ga[0].fitness = 620.397
ga[0].fitness_relative = 1.60831
F_min
-7.32783
-8.79313
-1.97533
-3.54906
6.19955
7.78544
10.5561
6.71522
6.40309
5.21289
tau
3
77
96
157
164
245
247
326
335
378
ga[1].fitness = 620.397
ga[1].fitness_relative = 1.60831
F_min
-7.32783
-8.79313
-1.97533
-3.54906
6.19955
7.78544
10.5561
6.71522
6.40309
5.21289
tau
3
77
96
157
164
245
247
326
335
378
ga[2].fitness = 620.397
ga[2].fitness_relative = 1.60831
F_min
-7.32783
-8.79313
-1.97533
-3.54906
6.19955
7.78544
10.5561
6.71522
6.40309
5.21289
tau
3
77
96
157
164
245
247
326
335
378
ga[3].fitness = 620.397
ga[3].fitness_relative = 1.60831
F_min
-7.32783
-8.79313
-1.97533
-3.54906
6.19955
7.78544
10.5561
6.71522
6.40309
5.21289
tau
3
77
96
157
164
245
247
326
335
378
ga[4].fitness = 620.397
ga[4].fitness_relative = 1.60831
F_min
-7.32783
-8.79313
-1.97533
-3.54906
6.19955
7.78544
10.5561
6.71522
6.40309
5.21289
tau
3
77
96
157
164
245
247
326
335
378
ga[5].fitness = 620.397
ga[5].fitness_relative = 1.60831
F_min
-7.32783
-8.79313
-1.97533
-3.54906
6.19955
7.78544
10.5561
6.71522
6.40309
5.21289
tau
3
77
96
157
164
245
247
326
335
375
ga[6].fitness = 620.397
ga[6].fitness_relative = 1.60831
F_min
-7.32783
-8.79313
-1.97533
-3.54906
6.19955
7.78544
10.5561
6.71522
6.40309
5.21289
tau
0
77
96
157
164
245
247
326
335
378
ga[7].fitness = 620.581
ga[7].fitness_relative = 1.60939
F_min
-7.32783
-8.79313
-1.97533
-3.54906
6.19955
7.78544
10.5561
6.71522
6.40309
5.21289
tau
3
77
96
157
164
245
247
323
335
407
ga[8].fitness = 621.1
ga[8].fitness_relative = 1.60847
F_min
-7.32783
-8.79313
-1.97533
-3.54906
6.19955
7.78544
10.5561
6.71522
6.40309
5.21289
tau
3
77
96
157
164
244
247
326
357
378
ga[9].fitness = 621.679
ga[9].fitness_relative = 1.614
F_min
-7.32783
-8.79313
-1.97533
-3.54906
6.19955
7.78544
10.5561
6.71522
6.40309
5.21289
tau
0
77
96
157
164
245
247
327
331
378
ga[10].fitness = 622.026
ga[10].fitness_relative = 1.60897
F_min
-7.32783
-8.79313
-1.97533
-3.54906
6.19955
7.78544
10.5561
6.71522
6.40309
5.21289
tau
3
77
96
157
164
244
247
326
356
409
ga[11].fitness = 622.169
ga[11].fitness_relative = 1.61414
F_min
-7.32783
-8.79313
-1.97533
-3.54906
6.19955
7.78544
10.5561
6.71522
6.40309
5.21289
tau
3
77
106
157
164
245
247
316
345
378
ga[12].fitness = 625.325
ga[12].fitness_relative = 1.61208
F_min
-7.32783
-8.79313
-1.97533
-3.54906
6.19955
7.78544
10.5561
6.71522
6.40309
5.21289
tau
3
77
96
155
164
245
247
326
333
378
ga[13].fitness = 625.806
ga[13].fitness_relative = 1.86211
F_min
-7.32783
-8.79313
-1.97533
-3.54906
6.19955
7.78544
10.5561
6.71522
6.40309
5.21289
tau
3
77
111
157
164
245
247
326
335
378
ga[14].fitness = 627.645
ga[14].fitness_relative = 1.61087
F_min
-7.32783
-8.79313
-1.97533
-3.54906
6.19955
7.78544
10.5561
6.71522
6.40309
5.21289
tau
3
77
96
157
178
245
247
326
359
378
ga[15].fitness = 630.668
ga[15].fitness_relative = 1.51988
F_min
-7.32783
-8.79313
-1.97533
-3.54906
6.19955
7.78544
10.5561
6.71522
6.40309
5.21289
tau
3
77
96
157
164
235
247
326
335
379
ga[16].fitness = 633.296
ga[16].fitness_relative = 1.61519
F_min
-7.32783
-8.79313
-1.97533
-3.54906
6.19955
7.78544
10.5561
6.71522
6.40309
5.21289
tau
21
77
96
157
164
245
247
326
335
378
ga[17].fitness = 635.236
ga[17].fitness_relative = 1.61089
F_min
-7.32783
-8.79313
-1.97533
-3.54906
6.19955
7.78544
10.5561
6.71522
6.40309
5.21289
tau
3
77
102
157
164
245
260
326
335
378
ga[18].fitness = 635.55
ga[18].fitness_relative = 1.62737
F_min
-7.32783
-8.79313
-1.97533
-3.54906
6.19955
7.78544
10.5561
6.71522
6.40309
5.21289
tau
3
82
96
157
164
239
247
305
362
408
ga[19].fitness = 637.505
ga[19].fitness_relative = 1.62696
F_min
-7.32783
-8.79313
-1.97533
-3.54906
6.19955
7.78544
10.5561
6.71522
6.40309
5.21289
tau
3
76
96
153
167
245
247
326
335
378
ga[20].fitness = 637.522
ga[20].fitness_relative = 2.05002
F_min
-7.32783
-8.79313
-1.97533
-3.54906
6.19955
7.78544
10.5561
6.71522
6.40309
5.21289
tau
3
77
96
157
164
245
258
292
353
384
ga[21].fitness = 639.928
ga[21].fitness_relative = 1.63423
F_min
-7.32783
-8.79313
-1.97533
-3.54906
6.19955
7.78544
10.5561
6.71522
6.40309
5.21289
tau
25
78
96
157
164
245
247
326
352
402
ga[22].fitness = 640.999
ga[22].fitness_relative = 1.6178
F_min
-7.32783
-8.79313
-1.97533
-3.54906
6.19955
7.78544
10.5561
6.71522
6.40309
5.21289
tau
3
77
120
157
164
245
254
295
342
378
ga[23].fitness = 647.11
ga[23].fitness_relative = 1.63168
F_min
-7.32783
-8.79313
-1.97533
-3.54906
6.19955
7.78544
10.5561
6.71522
6.40309
5.21289
tau
3
77
96
157
190
245
247
326
357
394
ga[24].fitness = 650.739
ga[24].fitness_relative = 1.5244
F_min
-7.32783
-8.79313
-1.97533
-3.54906
6.19955
7.78544
10.5561
6.71522
6.40309
5.21289
tau
3
72
113
163
170
245
247
326
335
376
ga[25].fitness = 651.673
ga[25].fitness_relative = 1.10164
F_min
-7.32783
-8.79313
-1.97533
-3.54906
6.19955
7.78544
10.5561
6.71522
6.40309
5.21289
tau
3
77
96
157
174
231
247
295
335
408
ga[26].fitness = 651.849
ga[26].fitness_relative = 1.5252
F_min
-7.32783
-8.79313
-1.97533
-3.54906
6.19955
7.78544
10.5561
6.71522
6.40309
5.21289
tau
3
77
96
157
164
245
264
316
351
378
ga[27].fitness = 652.454
ga[27].fitness_relative = 1.64023
F_min
-7.32783
-8.79313
-1.97533
-3.54906
6.19955
7.78544
10.5561
6.71522
6.40309
5.21289
tau
3
77
96
157
168
228
247
304
342
372
ga[28].fitness = 653.321
ga[28].fitness_relative = 1.53109
F_min
-7.32783
-8.79313
-1.97533
-3.54906
6.19955
7.78544
10.5561
6.71522
6.40309
5.21289
tau
30
77
96
157
164
245
256
326
335
378
ga[29].fitness = 653.397
ga[29].fitness_relative = 1.62902
F_min
-7.32783
-8.79313
-1.97533
-3.54906
6.19955
7.78544
10.5561
6.71522
6.40309
5.21289
tau
11
77
96
158
164
209
247
326
335
378
ga[30].fitness = 659.177
ga[30].fitness_relative = 1.50107
F_min
-7.32783
-8.79313
-1.97533
-3.54906
6.19955
7.78544
10.5561
6.71522
6.40309
5.21289
tau
3
77
96
157
192
245
247
287
330
378
ga[31].fitness = 659.673
ga[31].fitness_relative = 1.5207
F_min
-7.32783
-8.79313
-1.97533
-3.54906
6.19955
7.78544
10.5561
6.71522
6.40309
5.21289
tau
32
74
87
157
164
245
247
326
335
378
ga[32].fitness = 660.623
ga[32].fitness_relative = 1.62178
F_min
-7.32783
-8.79313
-1.97533
-3.54906
6.19955
7.78544
10.5561
6.71522
6.40309
5.21289
tau
0
77
96
157
164
245
268
326
330
378
ga[33].fitness = 666.496
ga[33].fitness_relative = 1.64091
F_min
-7.32783
-8.79313
-1.97533
-3.54906
6.19955
7.78544
10.5561
6.71522
6.40309
5.21289
tau
3
77
92
162
205
245
247
326
335
378
ga[34].fitness = 669.961
ga[34].fitness_relative = 0.887435
F_min
-7.32783
-8.79313
-1.97533
-3.54906
6.19955
7.78544
10.5561
6.71522
6.40309
5.21289
tau
28
77
96
157
164
234
255
327
336
408
ga[35].fitness = 671.822
ga[35].fitness_relative = 1.63617
F_min
-7.32783
-8.79313
-1.97533
-3.54906
6.19955
7.78544
10.5561
6.71522
6.40309
5.21289
tau
3
67
96
157
164
245
247
326
359
378
ga[36].fitness = 676.753
ga[36].fitness_relative = 1.62986
F_min
-7.32783
-8.79313
-1.97533
-3.54906
6.19955
7.78544
10.5561
6.71522
6.40309
5.21289
tau
3
71
96
161
167
211
247
314
361
378
ga[37].fitness = 680.82
ga[37].fitness_relative = 0.960216
F_min
-7.32783
-8.79313
-1.97533
-3.54906
6.19955
7.78544
10.5561
6.71522
6.40309
5.21289
tau
15
77
98
157
204
245
249
326
335
378
ga[38].fitness = 681.179
ga[38].fitness_relative = 1.52692
F_min
-7.32783
-8.79313
-1.97533
-3.54906
6.19955
7.78544
10.5561
6.71522
6.40309
5.21289
tau
21
77
112
157
164
226
247
289
335
382
ga[39].fitness = 681.614
ga[39].fitness_relative = 1.62889
F_min
-7.32783
-8.79313
-1.97533
-3.54906
6.19955
7.78544
10.5561
6.71522
6.40309
5.21289
tau
34
76
96
157
164
228
247
299
335
378
ga[40].fitness = 682.892
ga[40].fitness_relative = 1.62786
F_min
-7.32783
-8.79313
-1.97533
-3.54906
6.19955
7.78544
10.5561
6.71522
6.40309
5.21289
tau
14
77
107
157
191
245
262
323
335
378
ga[41].fitness = 685.104
ga[41].fitness_relative = 1.54468
F_min
-7.32783
-8.79313
-1.97533
-3.54906
6.19955
7.78544
10.5561
6.71522
6.40309
5.21289
tau
3
77
96
164
203
234
247
298
335
399
ga[42].fitness = 690.008
ga[42].fitness_relative = 1.32287
F_min
-7.32783
-8.79313
-1.97533
-3.54906
6.19955
7.78544
10.5561
6.71522
6.40309
5.21289
tau
3
81
96
157
202
235
247
326
353
409
ga[43].fitness = 690.34
ga[43].fitness_relative = 1.54252
F_min
-7.32783
-8.79313
-1.97533
-3.54906
6.19955
7.78544
10.5561
6.71522
6.40309
5.21289
tau
3
81
85
159
164
245
270
326
335
378
ga[44].fitness = 690.63
ga[44].fitness_relative = 1.40265
F_min
-7.32783
-8.79313
-1.97533
-3.54906
6.19955
7.78544
10.5561
6.71522
6.40309
5.21289
tau
32
69
93
157
169
245
250
318
335
378
ga[45].fitness = 691.245
ga[45].fitness_relative = 1.53781
F_min
-7.32783
-8.79313
-1.97533
-3.54906
6.19955
7.78544
10.5561
6.71522
6.40309
5.21289
tau
1
77
119
154
201
245
247
313
368
378
ga[46].fitness = 691.584
ga[46].fitness_relative = 1.93382
F_min
-7.32783
-8.79313
-1.97533
-3.54906
6.19955
7.78544
10.5561
6.71522
6.40309
5.21289
tau
12
80
96
157
164
206
262
311
335
378
ga[47].fitness = 695.577
ga[47].fitness_relative = 1.65438
F_min
-7.32783
-8.79313
-1.97533
-3.54906
6.19955
7.78544
10.5561
6.71522
6.40309
5.21289
tau
3
68
95
154
166
245
260
326
335
374
ga[48].fitness = 696.757
ga[48].fitness_relative = 1.97992
F_min
-7.32783
-8.79313
-1.97533
-3.54906
6.19955
7.78544
10.5561
6.71522
6.40309
5.21289
tau
25
77
96
157
164
214
258
326
335
378
ga[49].fitness = 699.595
ga[49].fitness_relative = 1.64993
F_min
-7.32783
-8.79313
-1.97533
-3.54906
6.19955
7.78544
10.5561
6.71522
6.40309
5.21289
tau
3
77
114
157
164
245
275
316
335
390
ga[50].fitness = 700.392
ga[50].fitness_relative = 1.65425
F_min
-7.32783
-8.79313
-1.97533
-3.54906
6.19955
7.78544
10.5561
6.71522
6.40309
5.21289
tau
3
77
92
157
165
245
279
326
366
383
ga[51].fitness = 702.325
ga[51].fitness_relative = 1.62848
F_min
-7.32783
-8.79313
-1.97533
-3.54906
6.19955
7.78544
10.5561
6.71522
6.40309
5.21289
tau
3
65
96
154
164
245
247
307
335
389
ga[52].fitness = 703.123
ga[52].fitness_relative = 2.02679
F_min
-7.32783
-8.79313
-1.97533
-3.54906
6.19955
7.78544
10.5561
6.71522
6.40309
5.21289
tau
3
77
96
144
164
245
247
310
335
386
ga[53].fitness = 712.937
ga[53].fitness_relative = 2.80484
F_min
-7.32783
-8.79313
-1.97533
-3.54906
6.19955
7.78544
10.5561
6.71522
6.40309
5.21289
tau
34
70
96
157
164
245
264
305
335
378
ga[54].fitness = 716.031
ga[54].fitness_relative = 1.65243
F_min
-7.32783
-8.79313
-1.97533
-3.54906
6.19955
7.78544
10.5561
6.71522
6.40309
5.21289
tau
10
80
96
157
186
245
275
326
335
378
ga[55].fitness = 720.443
ga[55].fitness_relative = 1.56335
F_min
-7.32783
-8.79313
-1.97533
-3.54906
6.19955
7.78544
10.5561
6.71522
6.40309
5.21289
tau
3
77
96
145
164
229
248
326
335
378
ga[56].fitness = 730.483
ga[56].fitness_relative = 2.77468
F_min
-7.32783
-8.79313
-1.97533
-3.54906
6.19955
7.78544
10.5561
6.71522
6.40309
5.21289
tau
3
77
96
142
164
245
247
305
341
378
ga[57].fitness = 733.697
ga[57].fitness_relative = 2.87857
F_min
-7.32783
-8.79313
-1.97533
-3.54906
6.19955
7.78544
10.5561
6.71522
6.40309
5.21289
tau
1
77
96
157
174
245
286
292
335
395
ga[58].fitness = 734.412
ga[58].fitness_relative = 1.57108
F_min
-7.32783
-8.79313
-1.97533
-3.54906
6.19955
7.78544
10.5561
6.71522
6.40309
5.21289
tau
3
72
96
161
164
245
283
326
339
383
ga[59].fitness = 735.312
ga[59].fitness_relative = 1.07581
F_min
-7.32783
-8.79313
-1.97533
-3.54906
6.19955
7.78544
10.5561
6.71522
6.40309
5.21289
tau
3
77
109
149
164
226
264
326
335
374
ga[60].fitness = 743.339
ga[60].fitness_relative = 2.5659
F_min
-7.32783
-8.79313
-1.97533
-3.54906
6.19955
7.78544
10.5561
6.71522
6.40309
5.21289
tau
3
61
96
157
164
208
247
326
366
378
ga[61].fitness = 746.765
ga[61].fitness_relative = 1.65516
F_min
-7.32783
-8.79313
-1.97533
-3.54906
6.19955
7.78544
10.5561
6.71522
6.40309
5.21289
tau
3
77
96
157
183
245
287
326
335
410
ga[62].fitness = 746.812
ga[62].fitness_relative = 1.57342
F_min
-7.32783
-8.79313
-1.97533
-3.54906
6.19955
7.78544
10.5561
6.71522
6.40309
5.21289
tau
6
77
96
160
164
212
281
326
335
378
ga[63].fitness = 756.463
ga[63].fitness_relative = 1.26053
F_min
-7.32783
-8.79313
-1.97533
-3.54906
6.19955
7.78544
10.5561
6.71522
6.40309
5.21289
tau
10
77
103
157
203
245
281
326
335
378
ga[64].fitness = 763.609
ga[64].fitness_relative = 1.57068
F_min
-7.32783
-8.79313
-1.97533
-3.54906
6.19955
7.78544
10.5561
6.71522
6.40309
5.21289
tau
3
61
117
157
164
245
267
325
335
378
ga[65].fitness = 771.468
ga[65].fitness_relative = 1.67456
F_min
-7.32783
-8.79313
-1.97533
-3.54906
6.19955
7.78544
10.5561
6.71522
6.40309
5.21289
tau
12
66
120
157
164
217
259
326
335
387
ga[66].fitness = 771.932
ga[66].fitness_relative = 1.67685
F_min
-7.32783
-8.79313
-1.97533
-3.54906
6.19955
7.78544
10.5561
6.71522
6.40309
5.21289
tau
28
77
96
157
200
229
270
326
339
378
ga[67].fitness = 775.773
ga[67].fitness_relative = 1.57798
F_min
-7.32783
-8.79313
-1.97533
-3.54906
6.19955
7.78544
10.5561
6.71522
6.40309
5.21289
tau
18
60
104
158
164
214
246
299
335
393
ga[68].fitness = 776.672
ga[68].fitness_relative = 1.53199
F_min
-7.32783
-8.79313
-1.97533
-3.54906
6.19955
7.78544
10.5561
6.71522
6.40309
5.21289
tau
3
57
110
157
164
206
247
326
332
378
ga[69].fitness = 781.416
ga[69].fitness_relative = 1.66073
F_min
-7.32783
-8.79313
-1.97533
-3.54906
6.19955
7.78544
10.5561
6.71522
6.40309
5.21289
tau
27
77
91
143
164
230
253
326
352
395
ga[70].fitness = 782.351
ga[70].fitness_relative = 2.87744
F_min
-7.32783
-8.79313
-1.97533
-3.54906
6.19955
7.78544
10.5561
6.71522
6.40309
5.21289
tau
3
58
96
157
203
245
248
326
335
378
ga[71].fitness = 785.588
ga[71].fitness_relative = 1.55816
F_min
-7.32783
-8.79313
-1.97533
-3.54906
6.19955
7.78544
10.5561
6.71522
6.40309
5.21289
tau
3
51
88
157
164
245
257
326
328
378
ga[72].fitness = 795.761
ga[72].fitness_relative = 1.67284
F_min
-7.32783
-8.79313
-1.97533
-3.54906
6.19955
7.78544
10.5561
6.71522
6.40309
5.21289
tau
3
48
96
157
164
245
247
293
335
378
ga[73].fitness = 806.212
ga[73].fitness_relative = 1.66035
F_min
-7.32783
-8.79313
-1.97533
-3.54906
6.19955
7.78544
10.5561
6.71522
6.40309
5.21289
tau
16
57
96
157
189
225
247
326
365
378
ga[74].fitness = 811.556
ga[74].fitness_relative = 1.57317
F_min
-7.32783
-8.79313
-1.97533
-3.54906
6.19955
7.78544
10.5561
6.71522
6.40309
5.21289
tau
3
68
96
149
201
240
267
292
332
378
ga[75].fitness = 817.63
ga[75].fitness_relative = 2.48756
F_min
-7.32783
-8.79313
-1.97533
-3.54906
6.19955
7.78544
10.5561
6.71522
6.40309
5.21289
tau
3
49
100
156
197
245
247
326
335
386
ga[76].fitness = 836.117
ga[76].fitness_relative = 1.68292
F_min
-7.32783
-8.79313
-1.97533
-3.54906
6.19955
7.78544
10.5561
6.71522
6.40309
5.21289
tau
24
69
96
157
186
225
280
326
335
378
ga[77].fitness = 837.286
ga[77].fitness_relative = 1.59988
F_min
-7.32783
-8.79313
-1.97533
-3.54906
6.19955
7.78544
10.5561
6.71522
6.40309
5.21289
tau
3
74
122
140
186
227
247
300
335
405
ga[78].fitness = 837.55
ga[78].fitness_relative = 2.86755
F_min
-7.32783
-8.79313
-1.97533
-3.54906
6.19955
7.78544
10.5561
6.71522
6.40309
5.21289
tau
3
77
98
130
174
244
249
326
335
391
ga[79].fitness = 840.578
ga[79].fitness_relative = 2.98352
F_min
-7.32783
-8.79313
-1.97533
-3.54906
6.19955
7.78544
10.5561
6.71522
6.40309
5.21289
tau
3
77
112
135
202
245
247
326
367
378
ga[80].fitness = 849.698
ga[80].fitness_relative = 2.94548
F_min
-7.32783
-8.79313
-1.97533
-3.54906
6.19955
7.78544
10.5561
6.71522
6.40309
5.21289
tau
9
65
92
137
164
245
247
326
341
378
ga[81].fitness = 851.47
ga[81].fitness_relative = 3.01542
F_min
-7.32783
-8.79313
-1.97533
-3.54906
6.19955
7.78544
10.5561
6.71522
6.40309
5.21289
tau
3
45
96
157
164
207
247
326
335
396
ga[82].fitness = 851.871
ga[82].fitness_relative = 1.67879
F_min
-7.32783
-8.79313
-1.97533
-3.54906
6.19955
7.78544
10.5561
6.71522
6.40309
5.21289
tau
0
41
123
157
165
245
247
318
335
378
ga[83].fitness = 860.105
ga[83].fitness_relative = 1.64801
F_min
-7.32783
-8.79313
-1.97533
-3.54906
6.19955
7.78544
10.5561
6.71522
6.40309
5.21289
tau
37
44
96
157
164
232
247
326
335
378
ga[84].fitness = 877.568
ga[84].fitness_relative = 1.68212
F_min
-7.32783
-8.79313
-1.97533
-3.54906
6.19955
7.78544
10.5561
6.71522
6.40309
5.21289
tau
3
77
98
129
196
245
247
303
335
378
ga[85].fitness = 885.369
ga[85].fitness_relative = 2.99777
F_min
-7.32783
-8.79313
-1.97533
-3.54906
6.19955
7.78544
10.5561
6.71522
6.40309
5.21289
tau
3
52
96
157
164
207
278
312
335
378
ga[86].fitness = 898.624
ga[86].fitness_relative = 1.71554
F_min
-7.32783
-8.79313
-1.97533
-3.54906
6.19955
7.78544
10.5561
6.71522
6.40309
5.21289
tau
3
42
96
157
198
216
247
326
361
378
ga[87].fitness = 914.331
ga[87].fitness_relative = 1.60232
F_min
-7.32783
-8.79313
-1.97533
-3.54906
6.19955
7.78544
10.5561
6.71522
6.40309
5.21289
tau
11
69
96
132
187
231
247
317
346
371
ga[88].fitness = 919.296
ga[88].fitness_relative = 2.99553
F_min
-7.32783
-8.79313
-1.97533
-3.54906
6.19955
7.78544
10.5561
6.71522
6.40309
5.21289
tau
3
77
118
133
164
245
282
326
334
378
ga[89].fitness = 920.777
ga[89].fitness_relative = 3.10532
F_min
-7.32783
-8.79313
-1.97533
-3.54906
6.19955
7.78544
10.5561
6.71522
6.40309
5.21289
tau
26
77
113
126
164
225
247
326
335
410
ga[90].fitness = 938.139
ga[90].fitness_relative = 3.13734
F_min
-7.32783
-8.79313
-1.97533
-3.54906
6.19955
7.78544
10.5561
6.71522
6.40309
5.21289
tau
3
63
91
127
164
245
250
323
335
394
ga[91].fitness = 947.192
ga[91].fitness_relative = 3.13324
F_min
-7.32783
-8.79313
-1.97533
-3.54906
6.19955
7.78544
10.5561
6.71522
6.40309
5.21289
tau
32
48
96
163
185
218
271
326
335
383
ga[92].fitness = 952.544
ga[92].fitness_relative = 1.20567
F_min
-7.32783
-8.79313
-1.97533
-3.54906
6.19955
7.78544
10.5561
6.71522
6.40309
5.21289
tau
12
56
96
143
164
245
286
326
335
378
ga[93].fitness = 959.355
ga[93].fitness_relative = 2.93428
F_min
-7.32783
-8.79313
-1.97533
-3.54906
6.19955
7.78544
10.5561
6.71522
6.40309
5.21289
tau
22
58
96
131
164
241
247
316
360
378
ga[94].fitness = 961.253
ga[94].fitness_relative = 3.10964
F_min
-7.32783
-8.79313
-1.97533
-3.54906
6.19955
7.78544
10.5561
6.71522
6.40309
5.21289
tau
3
41
103
139
164
245
249
326
368
378
ga[95].fitness = 976.548
ga[95].fitness_relative = 3.01962
F_min
-7.32783
-8.79313
-1.97533
-3.54906
6.19955
7.78544
10.5561
6.71522
6.40309
5.21289
tau
30
77
101
130
164
213
276
303
335
378
ga[96].fitness = 983.207
ga[96].fitness_relative = 3.1412
F_min
-7.32783
-8.79313
-1.97533
-3.54906
6.19955
7.78544
10.5561
6.71522
6.40309
5.21289
tau
3
43
96
135
164
230
269
326
335
378
ga[97].fitness = 1087.18
ga[97].fitness_relative = 3.12758
F_min
-7.32783
-8.79313
-1.97533
-3.54906
6.19955
7.78544
10.5561
6.71522
6.40309
5.21289
tau
37
59
96
125
164
245
281
320
335
378
ga[98].fitness = 1111.57
ga[98].fitness_relative = 3.20997
F_min
-7.32783
-8.79313
-1.97533
-3.54906
6.19955
7.78544
10.5561
6.71522
6.40309
5.21289
tau
3
45
96
124
192
239
247
326
335
378
ga[99].fitness = 1129.46
ga[99].fitness_relative = 3.10252
End.
18191875 micro sec
##### Deleat GA ... bye!
